# Number of parameters = 81  Objective function value = 399.480  Maximum gradient component = 0.00250780
# fpar:
 -1.38007 -0.373502 0.624796 0.720737 0.738010 0.651833 0.454500 0.250527 -0.0249155 -0.303318 0.181839
# qpar:
 -55.1125 0.0268128 -0.521197 -0.198689 -0.836596
# vpar:
 -0.975763 -1.72458 -0.0359389 -0.529317
# ny1par:
 1.76223 0.946194 1.02370 0.338018 -0.211470 -1.20036 -1.07720 -1.16695 -1.60057
# rpar:
 3.43767 -0.118199 0.253696 0.398262 0.275885 0.283826 -0.0713764 -0.0242997 1.48596 0.195817 0.0477278 -0.335312 -0.431331 0.0147022 -0.00581186 -0.492875 -0.684336 0.677044 0.416636 0.0236938 -0.302276 -0.0355054 -0.272770 -0.213962 0.0681195 0.0480832 0.732986 0.311867 0.158685 0.444667 1.40296 0.659525 0.679413 0.241080 0.0368977 -0.112683 -0.284763 -0.861085 -0.963790 -0.450436 -0.653870 0.872670 -0.136873 -0.394275 -0.275061 -0.729498 0.428377 -0.873660 -0.115562 -0.504005 -0.431987 -0.0931036
# rapar:
 0.00000 0.00000 0.00000 0.00000 0.00000 0.00000 0.00000 0.00000 0.00000 0.00000 0.00000 0.00000 0.00000 0.00000 0.00000 0.00000 0.00000 0.00000 0.00000 0.00000 0.00000 0.00000 0.00000 0.00000 0.00000 0.00000 0.00000 0.00000 0.00000 0.00000 0.00000 0.00000 0.00000 0.00000 0.00000 0.00000 0.00000 0.00000 0.00000 0.00000 0.00000 0.00000 0.00000 0.00000 0.00000 0.00000 0.00000 0.00000 0.00000 0.00000 0.00000 0.00000
# rbpar:
 0.00000 0.00000 0.00000 0.00000 0.00000 0.00000 0.00000 0.00000 0.00000 0.00000 0.00000 0.00000 0.00000 0.00000 0.00000 0.00000 0.00000 0.00000 0.00000 0.00000 0.00000 0.00000 0.00000 0.00000 0.00000 0.00000 0.00000 0.00000 0.00000 0.00000 0.00000 0.00000 0.00000 0.00000 0.00000 0.00000 0.00000 0.00000 0.00000 0.00000 0.00000 0.00000 0.00000 0.00000 0.00000 0.00000 0.00000 0.00000 0.00000 0.00000 0.00000 0.00000
