
Initial statistics: 70 variables; iteration 0; function evaluation 0; phase 1
Function value   1.0395123e+04; maximum gradient component mag  -1.7677e+06
Var   Value    Gradient   |Var   Value    Gradient   |Var   Value    Gradient   
  1  0.00000 -8.85445e+02 |  2  0.00000 -1.76769e+06 |  3  0.00000  1.87313e+02
  4  0.00000 -5.38021e+01 |  5  0.00000  2.31824e+02 |  6  0.00000 -1.46979e+04
  7  0.00000  1.64738e+02 |  8  0.00000 -7.53399e+03 |  9  0.00000 -4.07749e+03
 10  0.00000 -1.30360e+02 | 11  0.00000 -2.78769e+01 | 12  0.00000 -2.35720e+01
 13  0.00000 -1.51896e+01 | 14  0.00000 -9.02476e+00 | 15  0.00000 -2.65513e+00
 16  0.00000 -1.21508e+00 | 17  0.00000  1.71900e-01 | 18  0.00000  7.80971e-01
 19  0.00000 -3.37368e+03 | 20  0.00000 -3.83324e+01 | 21  0.00000 -4.38408e+01
 22  0.00000 -4.80043e+01 | 23  0.00000 -4.80847e+01 | 24  0.00000 -5.00376e+01
 25  0.00000 -4.68938e+01 | 26  0.00000 -4.82221e+01 | 27  0.00000 -5.96238e+01
 28  0.00000 -4.93400e+01 | 29  0.00000 -4.78278e+01 | 30  0.00000 -4.38873e+01
 31  0.00000 -4.39019e+01 | 32  0.00000 -4.70193e+01 | 33  0.00000 -4.64337e+01
 34  0.00000 -4.23081e+01 | 35  0.00000 -4.12716e+01 | 36  0.00000 -5.24512e+01
 37  0.00000 -5.09134e+01 | 38  0.00000 -4.76835e+01 | 39  0.00000 -4.53604e+01
 40  0.00000 -4.78940e+01 | 41  0.00000 -5.11499e+01 | 42  0.00000 -5.57246e+01
 43  0.00000 -6.18940e+01 | 44  0.00000 -6.27564e+01 | 45  0.00000 -7.89504e+01
 46  0.00000 -7.84235e+01 | 47  0.00000 -8.21301e+01 | 48  0.00000 -8.98902e+01
 49  0.00000 -1.07771e+02 | 50  0.00000 -9.45503e+01 | 51  0.00000 -9.44561e+01
 52  0.00000 -8.41741e+01 | 53  0.00000 -8.04148e+01 | 54  0.00000 -8.00076e+01
 55  0.00000 -7.72761e+01 | 56  0.00000 -6.76957e+01 | 57  0.00000 -6.76862e+01
 58  0.00000 -7.66056e+01 | 59  0.00000 -6.85697e+01 | 60  0.00000 -9.33198e+01
 61  0.00000 -8.16006e+01 | 62  0.00000 -7.42358e+01 | 63  0.00000 -7.47474e+01
 64  0.00000 -6.10667e+01 | 65  0.00000 -6.78941e+01 | 66  0.00000 -3.83946e+01
 67  0.00000 -3.81157e+01 | 68  0.00000 -2.42260e+01 | 69  0.00000 -1.66312e+01
 70  0.00000 -8.70358e+00 |

Intermediate statistics: 70 variables; iteration 10; function evaluation 32; phase 1
Function value   1.7107510e+03; maximum gradient component mag   2.6568e+05
Var   Value    Gradient   |Var   Value    Gradient   |Var   Value    Gradient   
  1  0.00798  1.33241e+02 |  2 -0.00035  2.65676e+05 |  3 -0.68072 -1.23639e+00
  4 -0.86545  8.98910e-01 |  5  0.77048 -6.11345e+00 |  6 -0.25779 -1.80739e+03
  7 -2.40181 -1.50578e+01 |  8 -0.43709 -1.30340e+03 |  9 -0.51158 -6.17163e+01
 10  0.57774 -3.05775e+02 | 11  0.40038 -1.09559e+02 | 12  0.32125 -9.62362e+01
 13  0.14488 -6.30089e+01 | 14  0.00792 -3.32699e+01 | 15 -0.13255  5.58755e-01
 16 -0.09551  3.70207e+00 | 17 -0.05096  4.26081e+00 | 18 -0.01110  2.03423e+00
 19  5.68398  9.93637e+01 | 20  0.07855  4.18710e+00 | 21  0.15455 -2.98162e+00
 22  0.19053 -6.84878e+00 | 23  0.15709 -3.15955e+00 | 24  0.15944 -3.66894e+00
 25  0.09410  6.04910e+00 | 26  0.10263  6.21879e+00 | 27  0.35228 -3.83017e+01
 28  0.14310 -3.53691e+00 | 29  0.11743  4.37776e-01 | 30  0.04640  1.08265e+01
 31  0.03664  1.59006e+01 | 32  0.10009  5.78985e+00 | 33  0.08863  8.54678e+00
 34  0.00319  2.20500e+01 | 35 -0.01956  2.59341e+01 | 36  0.20424 -1.04107e+01
 37  0.16846 -3.29312e+00 | 38  0.10128  8.46184e+00 | 39  0.04965  1.71545e+01
 40  0.09455  1.08140e+01 | 41  0.08276  2.03255e+01 | 42  0.05700  1.89383e+01
 43  0.04079  1.23752e+01 | 44 -0.26804  3.61956e+00 | 45  0.45922  3.50790e+00
 46  0.19578  1.00206e+01 | 47  0.14251  1.46612e+01 | 48  0.20317  8.00864e+00
 49  1.42437  1.81580e+01 | 50  0.69894  2.03136e+01 | 51  0.76178  2.33154e+01
 52 -0.03000  1.06414e+01 | 53 -0.27009  7.95062e+00 | 54 -0.14240  1.87705e+01
 55 -0.26937  1.94778e+01 | 56 -0.85854  1.96241e+01 | 57 -0.71128  2.62579e+01
 58 -0.26381  2.54694e+01 | 59 -0.56592  2.28022e+01 | 60  1.19727  2.35835e+01
 61  0.23247  2.98178e+01 | 62 -0.26611  2.23101e+01 | 63  0.16655  3.16701e+01
 64 -0.25989  3.49626e+01 | 65  0.87031  3.03415e+01 | 66 -0.67434  2.58111e+01
 67  0.11091  2.25033e+01 | 68 -0.27454  1.98332e+01 | 69 -0.11536  1.66488e+01
 70  0.12468  1.21772e+01 |
70 variables; iteration 20; function evaluation 43; phase 1
Function value   1.0638288e+03; maximum gradient component mag  -6.5717e+03
Var   Value    Gradient   |Var   Value    Gradient   |Var   Value    Gradient   
  1 -0.66254 -2.95005e+00 |  2 -0.00008 -6.57173e+03 |  3 -1.21356 -1.50613e+01
  4 -0.18301 -3.72421e-01 |  5  1.25301 -4.55668e+00 |  6 -0.17035 -4.67132e+02
  7 -2.64186  4.64662e+01 |  8 -0.40526 -3.49245e+02 |  9 -0.47512 -3.34035e+00
 10  1.94024  2.18771e+01 | 11  2.77790  6.05259e+00 | 12  2.23443  4.20378e+00
 13  0.85879 -1.02086e+00 | 14 -0.30684 -5.30523e+00 | 15 -1.71618 -5.69241e+00
 16 -2.53234 -1.20417e+01 | 17 -1.49046  2.55640e-01 | 18 -2.25253 -2.78542e+00
 19  5.70902  1.06950e+01 | 20  0.12770  6.54659e-01 | 21  0.49924  1.41191e+00
 22  0.67772  1.79841e+00 | 23  0.51601  1.12697e+00 | 24  0.52072  1.12522e+00
 25  0.10168 -3.87421e-01 | 26  0.09118 -3.91062e-01 | 27  2.00505  6.58392e+00
 28  0.47849  1.26455e+00 | 29  0.32071  4.93179e-01 | 30 -0.12540 -1.26273e+00
 31 -0.32163 -2.23134e+00 | 32  0.13079 -7.98002e-01 | 33  0.03209 -1.29772e+00
 34 -0.56706 -3.36856e+00 | 35 -0.74416 -3.95443e+00 | 36  0.84433  1.97346e+00
 37  0.53972  8.66781e-01 | 38  0.04106 -9.76752e-01 | 39 -0.33540 -2.31046e+00
 40 -0.02950 -9.56222e-01 | 41 -0.31066 -1.48147e+00 | 42 -0.18461  6.64552e-01
 43 -0.03961 -5.36180e-01 | 44 -0.31047 -7.46115e+00 | 45  0.57086 -9.41520e-01
 46  0.10478 -3.26037e+00 | 47  0.06314  1.61738e+00 | 48  0.32856  4.75924e+00
 49  1.31319  1.62357e+00 | 50  0.51986  1.92998e-01 | 51  0.53973  9.37236e-01
 52  0.01216  2.60846e+00 | 53 -0.15999  3.62438e+00 | 54 -0.24834  2.66586e+00
 55 -0.38600  2.56828e+00 | 56 -1.00616  9.83105e-01 | 57 -1.00467 -2.25053e-01
 58 -0.52398  3.83232e-01 | 59 -0.69081  5.00688e+00 | 60  0.88916 -2.86129e+00
 61 -0.12133 -4.38972e-01 | 62 -0.46203  5.71124e-01 | 63 -0.23802 -1.11756e+00
 64 -0.68218  1.58217e+00 | 65  0.33731 -4.04047e+00 | 66 -1.46949 -1.17818e+01
 67 -0.43186 -6.35792e-01 | 68 -0.63157  3.81840e+00 | 69 -0.88447 -1.46517e+00
 70  0.50170  2.79176e+00 |
70 variables; iteration 30; function evaluation 55; phase 1
Function value   1.0266654e+03; maximum gradient component mag   2.2299e+04
Var   Value    Gradient   |Var   Value    Gradient   |Var   Value    Gradient   
  1 -2.19296  1.14905e+01 |  2  0.00074  2.22995e+04 |  3 -0.68294  2.88692e+00
  4 -0.35447  3.11264e+00 |  5  0.69521 -1.69854e+00 |  6 -0.10641 -3.38939e+02
  7 -2.73018  3.70509e+01 |  8 -0.41269 -3.37803e+02 |  9 -0.48674  4.86967e+00
 10  1.47611  9.44581e+00 | 11  3.08499  5.23684e+00 | 12  2.48046  1.66500e+00
 13  1.23246  2.94276e-01 | 14  0.61659  9.26220e+00 | 15 -1.35306 -2.87204e+00
 16 -1.60012 -1.94525e+00 | 17 -1.82870  2.36102e-01 | 18 -3.37729 -8.24872e-01
 19  5.63371 -4.57990e+01 | 20  0.17974 -3.36000e-01 | 21  0.54875  4.69501e-01
 22  0.71479  5.64875e-01 | 23  0.55668  9.67021e-03 | 24  0.53947 -4.27308e-01
 25  0.15556 -9.87757e-01 | 26  0.15783 -6.05273e-01 | 27  1.92043  1.87800e+00
 28  0.55186  9.47063e-01 | 29  0.37254 -2.35718e-01 | 30 -0.05775 -1.40277e+00
 31 -0.22868 -1.60639e+00 | 32  0.18992 -1.15580e+00 | 33  0.09730 -1.48040e+00
 34 -0.47084 -2.53461e+00 | 35 -0.62880 -2.56015e+00 | 36  0.85662  8.16452e-02
 37  0.58576 -6.36141e-02 | 38  0.11202 -1.09190e+00 | 39 -0.25423 -2.02145e+00
 40 -0.05301 -3.54812e+00 | 41 -0.50029 -9.13419e+00 | 42 -0.17828 -1.14338e+00
 43  0.05393  1.55049e+00 | 44  0.11683  8.33881e+00 | 45  0.50063 -4.56398e+00
 46  0.02838 -7.55565e+00 | 47  0.03076 -1.25451e+00 | 48  0.18383 -2.84113e+00
 49  1.23770 -3.27542e+00 | 50  0.57389  1.46661e+00 | 51  0.49058 -2.84277e+00
 52 -0.02329  1.95028e-01 | 53 -0.24592 -1.06144e+00 | 54 -0.36901 -4.19403e+00
 55 -0.53108 -5.44138e+00 | 56 -0.99615  5.00580e-01 | 57 -1.00814 -1.64030e+00
 58 -0.59244 -4.14369e+00 | 59 -0.86334 -3.93339e+00 | 60  0.98864 -3.59940e-01
 61 -0.15829 -3.75344e+00 | 62 -0.48600 -1.68817e+00 | 63 -0.22701 -2.19510e+00
 64 -0.70066 -1.07087e+00 | 65  0.60568  5.65771e+00 | 66 -1.09443 -2.39573e-01
 67 -0.36619 -4.73044e-02 | 68 -1.12866 -3.89100e+00 | 69 -0.72108 -3.06960e-01
 70 -0.16958 -7.51838e-01 |
70 variables; iteration 40; function evaluation 66; phase 1
Function value   9.8889687e+02; maximum gradient component mag   7.2036e+03
Var   Value    Gradient   |Var   Value    Gradient   |Var   Value    Gradient   
  1 -8.78229  3.96241e+00 |  2  0.00405  7.20365e+03 |  3 -0.84776  5.48530e+00
  4 -0.32954  7.68274e-01 |  5  0.86645  5.28529e+00 |  6  0.03336 -1.05277e+02
  7 -2.94914  5.09398e+00 |  8 -0.34644 -1.80642e+02 |  9 -0.50678 -1.55100e+01
 10  1.36686  1.79543e+01 | 11  3.02614  3.25608e+00 | 12  2.74766  7.08844e+00
 13  1.70150  9.80864e+00 | 14  0.20040 -2.31003e-01 | 15 -0.73817  6.08509e+00
 16 -2.01550 -4.80059e+00 | 17 -1.61863  7.51243e-01 | 18 -3.70368 -5.91915e-01
 19  5.57817 -2.93979e+01 | 20  0.08642 -1.36564e+00 | 21  0.38800 -2.23338e+00
 22  0.53602 -2.51320e+00 | 23  0.43997 -1.92924e+00 | 24  0.43167 -1.62780e+00
 25  0.12832 -6.97827e-01 | 26  0.09583 -1.04313e+00 | 27  1.54440 -5.29646e+00
 28  0.32864 -3.12559e+00 | 29  0.25577 -1.73428e+00 | 30 -0.05079 -1.25885e-01
 31 -0.19305  3.83097e-01 | 32  0.17289 -4.53177e-01 | 33  0.12886  1.00454e-02
 34 -0.33387  1.54910e+00 | 35 -0.49108  1.77310e+00 | 36  0.71739 -2.39657e+00
 37  0.47105 -1.95008e+00 | 38  0.10716 -5.20902e-01 | 39 -0.18324  5.28275e-01
 40  0.10098  1.10082e+00 | 41 -0.13358  1.73578e+00 | 42 -0.00001  4.18323e+00
 43 -0.01868 -5.41128e-01 | 44  0.01821  5.29206e+00 | 45  0.38842 -8.00082e+00
 46  0.45859  9.36608e+00 | 47  0.03465 -1.12523e+00 | 48  0.17420 -2.45691e+00
 49  1.31261 -8.80272e-01 | 50  0.55228 -7.82759e-01 | 51  0.61480  1.35825e+00
 52  0.07170  4.64984e+00 | 53 -0.14579  4.25780e+00 | 54 -0.26959  7.43883e-02
 55 -0.40041  1.95129e-01 | 56 -0.99342  1.06156e-01 | 57 -0.96165 -6.20934e-01
 58 -0.74768 -1.18127e+01 | 59 -0.88960 -5.30109e+00 | 60  0.95616 -3.61028e+00
 61 -0.18103 -6.23171e+00 | 62 -0.38912  1.92192e+00 | 63 -0.17541 -1.44551e+00
 64 -0.61036  5.78696e-01 | 65  0.68810  6.18521e+00 | 66 -1.10829 -2.15553e+00
 67 -0.53175 -4.66696e+00 | 68 -1.68763 -1.21490e+01 | 69 -0.99082 -2.86860e+00
 70  0.58889  3.53294e+00 |
70 variables; iteration 50; function evaluation 77; phase 1
Function value   9.4234883e+02; maximum gradient component mag  -1.2354e+04
Var   Value    Gradient   |Var   Value    Gradient   |Var   Value    Gradient   
  1-17.96031 -5.97859e+00 |  2  0.00866 -1.23542e+04 |  3 -0.73207  2.02867e+00
  4 -0.44520 -6.28870e-01 |  5  0.74894  1.55093e+00 |  6  0.10099  2.54331e+01
  7 -2.89262  4.00801e+00 |  8 -0.11910 -2.58583e+01 |  9 -0.51471  1.41988e+01
 10  1.44153  6.33622e-01 | 11  2.53250 -9.75539e-01 | 12  2.25792  1.84792e+00
 13  0.83254 -2.39490e+00 | 14 -0.02649 -7.22487e-01 | 15 -1.08173  2.48748e+00
 16 -1.44510  1.31860e-01 | 17 -1.90408 -1.10344e-01 | 18 -2.66837 -6.19409e-02
 19  5.47039 -5.31259e+00 | 20  0.00984 -2.28046e-01 | 21  0.41777  8.53008e-01
 22  0.57970  8.62669e-01 | 23  0.47163  7.31179e-01 | 24  0.41136  3.43221e-01
 25  0.10157  7.66726e-01 | 26  0.12293  1.30632e+00 | 27  1.65548  2.41727e-01
 28  0.37633  7.40523e-01 | 29  0.24215  7.01319e-01 | 30 -0.13030  5.88983e-01
 31 -0.31956  1.47397e-01 | 32  0.02343 -1.18961e+00 | 33 -0.02624 -1.43649e+00
 34 -0.53603 -9.03743e-01 | 35 -0.69462 -3.31054e-01 | 36  0.70333 -8.20931e-01
 37  0.46295 -2.46331e-01 | 38  0.06179 -4.62970e-02 | 39 -0.30953 -5.83822e-01
 40 -0.15099 -2.53352e+00 | 41 -0.15882  1.39704e+00 | 42 -0.18968 -4.73650e-01
 43 -0.04141 -9.84223e-01 | 44 -0.16334  8.61783e-01 | 45  0.67634  1.37744e+00
 46  0.22063 -5.79121e-01 | 47  0.07903 -7.52106e-01 | 48  0.20277 -1.64797e+00
 49  1.39799  6.38450e-01 | 50  0.64394  1.06997e+00 | 51  0.60644 -1.19899e+00
 52 -0.04333 -9.26929e-01 | 53 -0.28197 -1.48957e+00 | 54 -0.16431  3.02656e+00
 55 -0.37283 -2.62012e-02 | 56 -0.98889 -1.16402e+00 | 57 -0.89105  4.48738e-01
 58 -0.43385 -4.93537e-01 | 59 -0.71141  3.30919e-01 | 60  1.10677  2.55321e-01
 61 -0.04903 -2.38830e+00 | 62 -0.39580  3.98939e-01 | 63 -0.13027 -1.01549e+00
 64 -0.53990  1.02510e+00 | 65  0.55724 -3.39767e-01 | 66 -0.97553  3.88995e-01
 67 -0.32444 -1.05009e+00 | 68 -0.82266 -1.27473e-01 | 69 -0.73787 -3.25116e-01
 70 -0.09553  6.09851e-02 |
70 variables; iteration 60; function evaluation 94; phase 1
Function value   9.3904476e+02; maximum gradient component mag   8.6741e+03
Var   Value    Gradient   |Var   Value    Gradient   |Var   Value    Gradient   
  1-21.64698  4.54925e+00 |  2  0.01053  8.67407e+03 |  3 -0.76937 -1.39740e+00
  4 -0.43055  1.71009e-01 |  5  0.78457 -1.60179e+00 |  6  0.08126  1.05235e+01
  7 -2.88172  5.54183e+00 |  8 -0.05905  9.46385e+00 |  9 -0.52232  1.23053e+01
 10  1.35639  1.01656e+00 | 11  2.68440  1.38674e+00 | 12  2.17137 -5.15784e-02
 13  1.06300  8.04218e-01 | 14  0.09521  3.13617e-01 | 15 -1.35417 -5.67580e-01
 16 -1.52227 -4.71761e-01 | 17 -1.75117  1.11985e-01 | 18 -2.64212  2.06396e-02
 19  5.43064  7.48600e+00 | 20  0.00916  8.71112e-02 | 21  0.34903 -5.08825e-02
 22  0.50811 -1.05430e-01 | 23  0.41382 -9.02740e-02 | 24  0.39634  3.14801e-01
 25  0.06245  2.83198e-01 | 26  0.05159  2.12336e-01 | 27  1.61677 -4.50923e-02
 28  0.27612 -6.57763e-01 | 29  0.18667  7.57811e-02 | 30 -0.14616  6.01929e-01
 31 -0.32106  3.93719e-01 | 32  0.05995 -3.50675e-01 | 33  0.03178 -3.47973e-01
 34 -0.48600  6.77067e-02 | 35 -0.66766  3.42442e-01 | 36  0.72452 -3.62580e-01
 37  0.44850 -3.79640e-01 | 38  0.05842 -6.39287e-02 | 39 -0.27639  2.93876e-02
 40  0.02406  4.93760e-01 | 41 -0.21824  1.38581e-01 | 42 -0.13819  6.18951e-01
 43  0.02498  4.76220e-01 | 44 -0.17197  4.45719e-01 | 45  0.64342  2.35870e-02
 46  0.26000  4.79328e-01 | 47  0.11538  3.31149e-01 | 48  0.24655 -1.75712e-01
 49  1.39268  1.63851e-01 | 50  0.63836  6.71518e-01 | 51  0.64400  1.45121e-01
 52 -0.01508  3.36157e-02 | 53 -0.23118  4.64434e-01 | 54 -0.23068  2.92316e-01
 55 -0.36175  3.15053e-01 | 56 -0.94643  3.54860e-01 | 57 -0.89760  1.42234e-01
 58 -0.42085 -1.82450e-01 | 59 -0.71077  1.14390e-01 | 60  1.09891  8.84915e-02
 61  0.00340 -1.23774e-01 | 62 -0.40411  2.00285e-01 | 63 -0.11141  1.21190e-01
 64 -0.57565 -1.05412e-01 | 65  0.56214  2.86320e-01 | 66 -0.98750  2.40046e-01
 67 -0.29635 -5.41852e-02 | 68 -0.85858 -2.53044e-01 | 69 -0.74846 -2.73086e-02
 70 -0.14749  5.29070e-03 |
70 variables; iteration 70; function evaluation 106; phase 1
Function value   9.3639292e+02; maximum gradient component mag   3.2124e+03
Var   Value    Gradient   |Var   Value    Gradient   |Var   Value    Gradient   
  1-34.36669  1.78184e+00 |  2  0.01691  3.21240e+03 |  3 -0.76163  2.53900e-01
  4 -0.43184  2.16094e-01 |  5  0.77157 -1.32993e-01 |  6  0.06087 -7.86293e+00
  7 -3.11650 -5.75064e+00 |  8 -0.04461  9.96212e+00 |  9 -0.56135 -3.43472e-02
 10  1.36552 -1.26673e-01 | 11  2.56017 -4.02347e-01 | 12  2.14716  5.03215e-02
 13  0.95421 -3.98315e-01 | 14  0.02168 -1.05450e-01 | 15 -1.27786  7.11372e-01
 16 -1.45472 -1.95066e-02 | 17 -1.76017  8.63669e-02 | 18 -2.72799 -6.18560e-02
 19  5.40805 -3.79426e+00 | 20  0.02427  2.49773e-01 | 21  0.37866  3.78580e-01
 22  0.53041  1.86023e-01 | 23  0.42238 -1.78517e-01 | 24  0.38315  3.97312e-02
 25  0.03580 -4.11800e-01 | 26  0.03484 -2.22997e-01 | 27  1.61553 -1.28098e-01
 28  0.33334  3.15845e-01 | 29  0.17761 -2.21142e-01 | 30 -0.18100 -1.72015e-01
 31 -0.34805 -1.87409e-01 | 32  0.08092 -1.25620e-01 | 33  0.06980  1.25801e-01
 34 -0.49522 -2.83341e-01 | 35 -0.70235 -3.69552e-01 | 36  0.73499 -4.28795e-01
 37  0.47184 -1.68437e-01 | 38  0.07058 -3.88842e-02 | 39 -0.27458 -4.25235e-02
 40  0.01010  1.64867e-01 | 41 -0.21110 -2.38544e-02 | 42 -0.15216 -2.99772e-01
 43  0.02823 -2.94141e-01 | 44 -0.13390  2.41586e-01 | 45  0.68440  3.14111e-02
 46  0.28762 -1.06526e-01 | 47  0.14027 -2.44091e-01 | 48  0.30241  3.73589e-01
 49  1.42972  2.29388e-01 | 50  0.64680 -3.29386e-01 | 51  0.65263 -6.81605e-01
 52  0.01147 -2.00804e-01 | 53 -0.21814 -2.23344e-01 | 54 -0.22210 -2.45642e-01
 55 -0.35332 -1.29936e-01 | 56 -0.93685  4.11319e-02 | 57 -0.88523  3.32999e-01
 58 -0.42488 -6.22015e-01 | 59 -0.71473 -1.40476e-01 | 60  1.09155 -1.34146e-01
 61 -0.00312 -1.67738e-01 | 62 -0.42217 -3.65123e-01 | 63 -0.12502  3.48822e-01
 64 -0.59023  1.67067e-01 | 65  0.52718 -6.76863e-02 | 66 -1.01634 -8.79274e-02
 67 -0.32838 -1.00215e-01 | 68 -0.89003 -1.44724e-01 | 69 -0.80019 -5.11510e-02
 70 -0.20228  1.13217e-03 |
70 variables; iteration 80; function evaluation 119; phase 1
Function value   9.3520201e+02; maximum gradient component mag  -6.4134e+03
Var   Value    Gradient   |Var   Value    Gradient   |Var   Value    Gradient   
  1-44.84491 -3.07578e+00 |  2  0.02214 -6.41336e+03 |  3 -0.78616  4.06236e-01
  4 -0.43063 -2.82555e-01 |  5  0.79319  1.17008e+00 |  6  0.06558 -2.74005e+00
  7 -3.16141 -7.67599e+00 |  8 -0.06755  1.42753e+00 |  9 -0.58350 -6.30253e+00
 10  1.43374 -1.17116e+00 | 11  2.54222  1.81501e-01 | 12  2.06850 -5.53979e-01
 13  0.93854  3.43646e-01 | 14 -0.03284 -1.40285e-02 | 15 -1.54471 -1.53664e+00
 16 -1.49327  1.02377e-01 | 17 -1.97499 -1.96741e-01 | 18 -2.10487  1.56093e-01
 19  5.42822  7.68246e-01 | 20  0.02875  4.03974e-01 | 21  0.37728  4.19227e-01
 22  0.54593  5.87850e-01 | 23  0.42391 -4.40461e-02 | 24  0.40288  5.78654e-01
 25  0.03939 -2.25976e-01 | 26  0.03724 -2.51993e-02 | 27  1.59669 -4.95456e-01
 28  0.26357 -1.10796e+00 | 29  0.15396 -6.68671e-01 | 30 -0.16146  3.19915e-01
 31 -0.34553 -3.54830e-02 | 32  0.07282 -1.80689e-01 | 33  0.07180  3.30918e-01
 34 -0.46528  5.17464e-01 | 35 -0.66484  5.63677e-01 | 36  0.74809 -1.18419e-03
 37  0.46796 -1.09503e-01 | 38  0.07635  2.66907e-01 | 39 -0.27422  1.73532e-01
 40 -0.03152 -4.66939e-01 | 41 -0.21102 -1.69897e-02 | 42 -0.11560  4.60509e-01
 43  0.06568  4.69456e-01 | 44 -0.14617 -6.97629e-01 | 45  0.69520 -2.85327e-01
 46  0.31189  3.21294e-02 | 47  0.17855  4.76573e-01 | 48  0.32376  4.39124e-01
 49  1.45724  5.71568e-01 | 50  0.68571  6.33626e-01 | 51  0.66892 -6.77053e-01
 52  0.01488 -4.40235e-01 | 53 -0.21658 -3.97010e-01 | 54 -0.21567 -1.49836e-01
 55 -0.33293  7.80445e-01 | 56 -0.93749  1.93467e-01 | 57 -0.88779  4.09102e-01
 58 -0.42313 -1.07499e-01 | 59 -0.72173  2.10623e-01 | 60  1.08666  1.16297e-01
 61  0.00148  6.59430e-01 | 62 -0.42872  2.39937e-01 | 63 -0.15213 -9.26084e-02
 64 -0.62290 -3.67255e-01 | 65  0.50892 -5.10705e-02 | 66 -1.03557  1.62669e-01
 67 -0.34020  3.25190e-01 | 68 -0.89098  4.60280e-01 | 69 -0.82270  1.57823e-01
 70 -0.24860  2.59813e-02 |
70 variables; iteration 90; function evaluation 131; phase 1
Function value   9.3201819e+02; maximum gradient component mag  -4.6645e+03
Var   Value    Gradient   |Var   Value    Gradient   |Var   Value    Gradient   
  1-76.13729 -2.30268e+00 |  2  0.03783 -4.66452e+03 |  3 -0.76986  2.64066e-01
  4 -0.44841 -1.52615e-01 |  5  0.75277  5.10757e-01 |  6  0.06474  8.89588e-01
  7 -2.97348  1.31417e+00 |  8 -0.07569 -5.06840e-01 |  9 -0.62070 -1.85673e+01
 10  1.41851  1.36410e-01 | 11  2.57413  2.13421e-01 | 12  2.12305 -6.57639e-02
 13  0.96416  7.74602e-02 | 14  0.01122 -1.09498e-02 | 15 -1.38065 -2.57953e-01
 16 -1.49453 -1.08626e-01 | 17 -1.86460 -5.25654e-02 | 18 -2.48914  1.35481e-02
 19  5.41480 -1.38371e+00 | 20  0.03893  1.10342e-01 | 21  0.39886  3.54017e-01
 22  0.53625 -1.11745e-01 | 23  0.45269  1.10367e-01 | 24  0.37958 -4.65163e-01
 25  0.07589  4.61892e-02 | 26  0.08563  4.14379e-01 | 27  1.65154  7.50984e-02
 28  0.31913 -4.36658e-01 | 29  0.22380  2.46303e-01 | 30 -0.16426 -2.32752e-01
 31 -0.31106  1.12895e-01 | 32  0.09703 -1.65766e-01 | 33  0.10369  5.21114e-01
 34 -0.47011 -8.20418e-02 | 35 -0.65482  1.57868e-01 | 36  0.77086  1.85788e-02
 37  0.49167 -6.90704e-02 | 38  0.08816  4.51742e-02 | 39 -0.25585  8.72047e-03
 40  0.01310 -6.96075e-02 | 41 -0.14806  3.22627e-02 | 42 -0.05215  9.46383e-02
 43  0.13188  7.71379e-02 | 44 -0.06984 -1.24696e-01 | 45  0.78283 -3.13507e-02
 46  0.38986  4.15341e-04 | 47  0.25097  3.10826e-02 | 48  0.37837 -1.04835e-01
 49  1.51676  3.56660e-02 | 50  0.73582  4.83560e-02 | 51  0.73739 -1.35176e-01
 52  0.05048 -2.05249e-02 | 53 -0.19495  9.69809e-04 | 54 -0.19653 -5.33923e-02
 55 -0.34296  3.13976e-02 | 56 -0.95108 -1.08797e-01 | 57 -0.90252 -4.45253e-02
 58 -0.43744 -5.03690e-03 | 59 -0.75751 -3.44477e-02 | 60  1.05917 -1.56704e-03
 61 -0.04779  1.09714e-01 | 62 -0.49282  5.76587e-02 | 63 -0.20461 -2.03222e-01
 64 -0.67715 -1.58245e-01 | 65  0.45085 -5.82549e-02 | 66 -1.12428 -1.46977e-02
 67 -0.44495 -1.76124e-02 | 68 -1.04029  4.36511e-02 | 69 -0.99642  2.80016e-03
 70 -0.44663  7.13953e-03 |
70 variables; iteration 100; function evaluation 143; phase 1
Function value   9.3159611e+02; maximum gradient component mag  -1.1461e+03
Var   Value    Gradient   |Var   Value    Gradient   |Var   Value    Gradient   
  1-81.28796 -5.56464e-01 |  2  0.04041 -1.14608e+03 |  3 -0.76184  2.32915e-01
  4 -0.45395 -1.42667e-02 |  5  0.74009  8.23756e-02 |  6  0.06310 -1.04922e-01
  7 -2.98141  7.96389e-01 |  8 -0.07050  2.00351e+00 |  9 -0.59791 -9.78058e+00
 10  1.34897  1.36672e-01 | 11  2.61298 -1.90622e-01 | 12  2.19881  2.14068e-01
 13  1.01804 -5.45496e-02 | 14  0.07599  4.48314e-02 | 15 -1.25372  4.56911e-01
 16 -1.39312  1.47138e-01 | 17 -1.76936  8.08748e-02 | 18 -2.75757 -2.84553e-02
 19  5.40622 -1.54165e+00 | 20  0.04030  2.82022e-02 | 21  0.37009 -3.10433e-01
 22  0.54533 -4.08281e-02 | 23  0.45398  2.49535e-02 | 24  0.43925  5.86773e-01
 25  0.06542 -2.66537e-01 | 26  0.06821 -3.68874e-02 | 27  1.65037 -3.19846e-02
 28  0.37733  5.95644e-01 | 29  0.20074 -2.92982e-01 | 30 -0.13715  1.88524e-01
 31 -0.30258  1.76393e-01 | 32  0.11810  1.29153e-01 | 33  0.05468 -5.53968e-01
 34 -0.44807  2.19522e-01 | 35 -0.68173 -4.76411e-01 | 36  0.78986  2.66941e-01
 37  0.50499  7.09713e-02 | 38  0.08487 -1.44929e-01 | 39 -0.24815  3.43824e-02
 40  0.03170  1.62018e-01 | 41 -0.14233  8.53595e-03 | 42 -0.05248 -1.29064e-01
 43  0.13686 -1.27127e-01 | 44 -0.04105  1.78621e-01 | 45  0.79865  3.92097e-02
 46  0.40290 -4.58391e-02 | 47  0.25952 -1.39149e-01 | 48  0.39754  6.03457e-02
 49  1.52125 -1.80745e-01 | 50  0.73767 -2.13613e-01 | 51  0.74751  9.76188e-02
 52  0.06103 -4.15808e-02 | 53 -0.18521 -6.64417e-02 | 54 -0.19043 -2.60838e-02
 55 -0.34315 -1.97096e-01 | 56 -0.94349  1.49270e-02 | 57 -0.90401 -1.09696e-01
 58 -0.44025 -1.40663e-01 | 59 -0.75760 -1.08969e-01 | 60  1.05036 -1.18165e-01
 61 -0.06510 -3.54347e-01 | 62 -0.50302 -2.46786e-01 | 63 -0.20933  1.02740e-01
 64 -0.68618  4.29427e-02 | 65  0.43508 -3.66797e-02 | 66 -1.13997 -1.32160e-01
 67 -0.46729 -1.08795e-01 | 68 -1.07498 -1.52511e-01 | 69 -1.03238 -4.58247e-02
 70 -0.48616 -2.01629e-02 |
70 variables; iteration 110; function evaluation 156; phase 1
Function value   9.3133881e+02; maximum gradient component mag  -2.6306e+01
Var   Value    Gradient   |Var   Value    Gradient   |Var   Value    Gradient   
  1-86.19167 -1.34863e-02 |  2  0.04287 -2.63060e+01 |  3 -0.76784  5.76836e-04
  4 -0.45493 -7.26577e-03 |  5  0.74349  7.27728e-04 |  6  0.06249  3.87840e-02
  7 -3.00033 -1.32065e-02 |  8 -0.07490 -5.89384e-02 |  9 -0.57110  1.42261e-01
 10  1.38559 -3.23565e-02 | 11  2.59259  1.43066e-02 | 12  2.15575  5.80459e-03
 13  0.98830  1.38400e-02 | 14  0.03903  1.20014e-02 | 15 -1.33206  2.25165e-03
 16 -1.44466  4.22145e-02 | 17 -1.82581  9.64527e-03 | 18 -2.57417  1.76543e-02
 19  5.40771  2.27044e-03 | 20  0.04032 -1.52518e-02 | 21  0.38995  3.22976e-02
 22  0.54872 -1.74863e-02 | 23  0.45567  1.57012e-02 | 24  0.40973 -1.59111e-02
 25  0.08188  1.58821e-02 | 26  0.07126 -3.53220e-03 | 27  1.65441 -2.97811e-03
 28  0.34853 -1.14675e-02 | 29  0.21734 -1.86220e-02 | 30 -0.14329  2.89029e-02
 31 -0.31002 -3.44146e-03 | 32  0.11370  1.08972e-02 | 33  0.08543  1.50170e-02
 34 -0.45821  1.77076e-03 | 35 -0.65637 -5.48018e-03 | 36  0.77827  1.14314e-02
 37  0.50196 -2.01656e-02 | 38  0.09409  1.14952e-02 | 39 -0.24885  6.79965e-03
 40  0.02359 -3.50423e-03 | 41 -0.14293  2.18593e-03 | 42 -0.04549 -9.86927e-04
 43  0.14810  2.04333e-03 | 44 -0.02825  2.38619e-03 | 45  0.80801 -2.83975e-03
 46  0.41540  1.84072e-03 | 47  0.27242  4.40066e-04 | 48  0.41089 -4.41969e-03
 49  1.53217  2.56719e-04 | 50  0.74796  2.54973e-03 | 51  0.74824 -8.25916e-03
 52  0.07273 -3.63790e-03 | 53 -0.17195 -2.52369e-03 | 54 -0.18507 -4.70792e-03
 55 -0.33454  2.24172e-03 | 56 -0.93932 -2.21999e-03 | 57 -0.90253  7.08594e-04
 58 -0.43828 -7.23765e-04 | 59 -0.75426  2.51696e-03 | 60  1.04537 -8.90521e-03
 61 -0.06491  6.47723e-03 | 62 -0.50040  3.63724e-03 | 63 -0.22285 -7.71754e-03
 64 -0.70096 -2.69032e-03 | 65  0.42006  4.54302e-03 | 66 -1.14803  1.27941e-03
 67 -0.48211 -9.24452e-03 | 68 -1.08893  1.15924e-03 | 69 -1.05793 -7.24408e-04
 70 -0.51532  9.14474e-04 |

 - final statistics:
70 variables; iteration 117; function evaluation 164
Function value   9.3134e+02; maximum gradient component mag   4.2392e-02
Exit code = 1;  converg criter   1.0000e-01
Var   Value    Gradient   |Var   Value    Gradient   |Var   Value    Gradient   
  1-86.08961  2.12121e-05 |  2  0.04282  4.23922e-02 |  3 -0.76794 -6.58588e-06
  4 -0.45465  8.77853e-07 |  5  0.74368 -6.16882e-06 |  6  0.06246 -5.72354e-05
  7 -3.00008  5.28237e-06 |  8 -0.07477  3.82720e-05 |  9 -0.57151  2.24642e-05
 10  1.39215  4.63419e-05 | 11  2.58591 -1.89828e-07 | 12  2.14939  6.03046e-06
 13  0.98151  2.63768e-06 | 14  0.03244  2.17940e-06 | 15 -1.33743  1.62270e-05
 16 -1.45663  2.75062e-06 | 17 -1.82918  1.22281e-05 | 18 -2.58462  1.10221e-05
 19  5.40767 -4.53275e-05 | 20  0.04095 -3.11529e-06 | 21  0.38821  2.61144e-06
 22  0.54953 -6.08123e-06 | 23  0.45480 -1.98111e-06 | 24  0.41048  2.14955e-06
 25  0.08100  3.56822e-06 | 26  0.07138 -2.62347e-06 | 27  1.65446 -2.08208e-06
 28  0.34902  4.92456e-06 | 29  0.21820 -2.47013e-06 | 30 -0.14484  2.68590e-06
 31 -0.30991 -7.49432e-07 | 32  0.11309 -1.71869e-06 | 33  0.08462  5.77307e-07
 34 -0.45835 -1.48502e-06 | 35 -0.65615 -2.01769e-06 | 36  0.77763  1.19373e-06
 37  0.50293  5.50141e-06 | 38  0.09346 -1.13618e-05 | 39 -0.24924  9.39081e-06
 40  0.02374  1.97499e-06 | 41 -0.14306  2.53597e-06 | 42 -0.04554 -3.11368e-06
 43  0.14788 -4.84939e-06 | 44 -0.02864  6.67832e-06 | 45  0.80788  6.21875e-06
 46  0.41512  3.43394e-07 | 47  0.27221 -4.64814e-06 | 48  0.41073 -5.86239e-06
 49  1.53202 -1.67469e-06 | 50  0.74779 -2.63928e-06 | 51  0.74836  2.37775e-06
 52  0.07264 -2.26335e-06 | 53 -0.17207 -4.67489e-06 | 54 -0.18503 -3.09367e-06
 55 -0.33464 -6.09784e-06 | 56 -0.93931 -3.44299e-06 | 57 -0.90250 -2.12090e-06
 58 -0.43820 -1.28978e-06 | 59 -0.75428 -6.22660e-07 | 60  1.04574 -2.37999e-06
 61 -0.06488 -5.86136e-07 | 62 -0.50037 -2.17314e-06 | 63 -0.22244  4.96941e-06
 64 -0.70061  3.49097e-06 | 65  0.42027  7.95933e-07 | 66 -1.14779  5.06902e-06
 67 -0.48135 -5.42491e-06 | 68 -1.08851 -1.02726e-07 | 69 -1.05722 -1.79453e-06
 70 -0.51469  4.75836e-06 |

Initial statistics: 81 variables; iteration 0; function evaluation 0; phase 2
Function value   9.3133800e+02; maximum gradient component mag   9.6358e+02
Var   Value    Gradient   |Var   Value    Gradient   |Var   Value    Gradient   
  1  0.00000  9.63583e+02 |  2  0.00000  1.65125e+01 |  3  0.00000  4.98493e+01
  4  0.00000  1.24203e+02 |  5  0.00000  2.36739e+02 |  6  0.00000  2.77802e+02
  7  0.00000  1.86078e+02 |  8  0.00000  5.08740e+01 |  9  0.00000 -6.92899e-01
 10  0.00000 -7.85113e+00 | 11  0.00000 -7.39086e+01 | 12-86.08961  2.12121e-05
 13  0.04282  4.23922e-02 | 14 -0.76794 -6.58588e-06 | 15 -0.45465  8.77853e-07
 16  0.74368 -6.16882e-06 | 17  0.06246 -5.72354e-05 | 18 -3.00008  5.28237e-06
 19 -0.07477  3.82720e-05 | 20 -0.57151  2.24642e-05 | 21  1.39215  4.63419e-05
 22  2.58591 -1.89828e-07 | 23  2.14939  6.03046e-06 | 24  0.98151  2.63768e-06
 25  0.03244  2.17940e-06 | 26 -1.33743  1.62270e-05 | 27 -1.45663  2.75062e-06
 28 -1.82918  1.22281e-05 | 29 -2.58462  1.10221e-05 | 30  5.40767 -4.53275e-05
 31  0.04095 -3.11529e-06 | 32  0.38821  2.61144e-06 | 33  0.54953 -6.08123e-06
 34  0.45480 -1.98111e-06 | 35  0.41048  2.14955e-06 | 36  0.08100  3.56822e-06
 37  0.07138 -2.62347e-06 | 38  1.65446 -2.08208e-06 | 39  0.34902  4.92456e-06
 40  0.21820 -2.47013e-06 | 41 -0.14484  2.68590e-06 | 42 -0.30991 -7.49432e-07
 43  0.11309 -1.71869e-06 | 44  0.08462  5.77307e-07 | 45 -0.45835 -1.48502e-06
 46 -0.65615 -2.01769e-06 | 47  0.77763  1.19373e-06 | 48  0.50293  5.50141e-06
 49  0.09346 -1.13618e-05 | 50 -0.24924  9.39081e-06 | 51  0.02374  1.97499e-06
 52 -0.14306  2.53597e-06 | 53 -0.04554 -3.11368e-06 | 54  0.14788 -4.84939e-06
 55 -0.02864  6.67832e-06 | 56  0.80788  6.21875e-06 | 57  0.41512  3.43394e-07
 58  0.27221 -4.64814e-06 | 59  0.41073 -5.86239e-06 | 60  1.53202 -1.67469e-06
 61  0.74779 -2.63928e-06 | 62  0.74836  2.37775e-06 | 63  0.07264 -2.26335e-06
 64 -0.17207 -4.67489e-06 | 65 -0.18503 -3.09367e-06 | 66 -0.33464 -6.09784e-06
 67 -0.93931 -3.44299e-06 | 68 -0.90250 -2.12090e-06 | 69 -0.43820 -1.28978e-06
 70 -0.75428 -6.22660e-07 | 71  1.04574 -2.37999e-06 | 72 -0.06488 -5.86136e-07
 73 -0.50037 -2.17314e-06 | 74 -0.22244  4.96941e-06 | 75 -0.70061  3.49097e-06
 76  0.42027  7.95933e-07 | 77 -1.14779  5.06902e-06 | 78 -0.48135 -5.42491e-06
 79 -1.08851 -1.02726e-07 | 80 -1.05722 -1.79453e-06 | 81 -0.51469  4.75836e-06

Intermediate statistics: 81 variables; iteration 10; function evaluation 19; phase 2
Function value   6.0244766e+02; maximum gradient component mag  -2.5521e+05
Var   Value    Gradient   |Var   Value    Gradient   |Var   Value    Gradient   
  1 -0.59495  1.50039e+03 |  2  0.45396  5.02377e+02 |  3  0.39988  4.71567e+02
  4  0.20834  3.81624e+02 |  5  0.01875  1.85292e+02 |  6 -0.08391 -7.01341e+01
  7 -0.09264 -6.09877e+01 |  8 -0.03588  6.31817e+01 |  9 -0.14920 -4.09734e+00
 10 -0.19175 -7.12072e+00 | 11  0.11796  6.22238e+01 | 12-86.08912 -1.27866e+02
 13  0.04234 -2.55211e+05 | 14 -1.27954 -1.28428e+01 | 15 -0.27712 -1.73961e+01
 16  0.15966  3.69594e+00 | 17 -0.73273 -5.75940e+01 | 18 -2.86833 -2.85423e+01
 19 -0.46930 -7.10168e+01 | 20 -0.21374  2.43350e+01 | 21  1.19732  2.46630e+01
 22  2.28339  2.12073e+01 | 23  1.90631  1.25185e+01 | 24  0.96550  5.94005e+00
 25  0.22955 -1.59331e+00 | 26 -1.01889 -1.27668e+01 | 27 -1.20493 -1.56638e+01
 28 -1.67119 -1.28402e+01 | 29 -2.48690 -7.46944e+00 | 30  4.36616 -5.60926e+02
 31  0.06465 -8.99478e+00 | 32  0.40517 -9.09313e+00 | 33  0.59226 -1.01437e+01
 34  0.42489 -7.04366e+00 | 35  0.42319 -9.22823e+00 | 36  0.05502 -7.46609e+00
 37  0.05059 -8.24525e+00 | 38  1.70110 -1.08427e+01 | 39  0.38858 -9.42288e+00
 40  0.23740 -8.31263e+00 | 41 -0.13081 -8.56988e+00 | 42 -0.32914 -7.58409e+00
 43  0.13744 -1.00981e+01 | 44  0.08210 -9.46743e+00 | 45 -0.41234 -1.16964e+01
 46 -0.56804 -1.29783e+01 | 47  0.77769 -9.93246e+00 | 48  0.52741 -1.04610e+01
 49  0.08649 -9.39430e+00 | 50 -0.24973 -1.00292e+01 | 51 -0.02132 -8.13635e+00
 52 -0.23239 -8.21405e+00 | 53 -0.17892 -7.97276e+00 | 54  0.02891 -1.02166e+01
 55  0.10442 -1.77445e+01 | 56  0.77338 -1.37913e+01 | 57  0.36249 -1.32071e+01
 58  0.17707 -1.27615e+01 | 59  0.44959 -1.61512e+01 | 60  1.40841 -1.24932e+01
 61  0.63081 -1.34410e+01 | 62  0.64757 -1.45250e+01 | 63  0.25316 -2.21212e+01
 64  0.05882 -2.26733e+01 | 65 -0.14494 -1.75915e+01 | 66 -0.30227 -1.67152e+01
 67 -0.92343 -1.58319e+01 | 68 -0.99243 -1.26974e+01 | 69 -0.58828 -1.08149e+01
 70 -0.82173 -1.27986e+01 | 71  0.82490 -8.66193e+00 | 72 -0.21349 -1.16549e+01
 73 -0.44738 -1.66898e+01 | 74 -0.31198 -1.26617e+01 | 75 -0.82526 -1.11799e+01
 76  0.41936 -1.08397e+01 | 77 -0.98679 -1.64631e+01 | 78 -0.33947 -1.43748e+01
 79 -0.99521 -8.99579e+00 | 80 -1.02703 -2.81575e+00 | 81 -0.49920 -9.96211e-01
81 variables; iteration 20; function evaluation 30; phase 2
Function value   5.6282913e+02; maximum gradient component mag  -3.2609e+05
Var   Value    Gradient   |Var   Value    Gradient   |Var   Value    Gradient   
  1 -0.70698  1.67851e+03 |  2  0.63296  5.29096e+02 |  3  0.47208  4.53588e+02
  4  0.30510  3.83651e+02 |  5  0.15865  2.47376e+02 |  6  0.04861  3.23129e+01
  7 -0.00372 -1.13711e+00 |  8 -0.01723  5.80207e+01 |  9 -0.18741 -1.43385e+01
 10 -0.31378 -1.60985e+01 | 11  0.15814  2.65953e+01 | 12-86.08193 -1.63395e+02
 13  0.04231 -3.26091e+05 | 14 -0.81988  3.94640e+00 | 15  0.17521 -1.14119e+01
 16 -0.29807  1.34942e+01 | 17 -0.77901 -5.05471e+01 | 18 -2.66993 -8.32029e+00
 19 -0.53163 -1.23653e+02 | 20 -0.40506 -2.43156e+01 | 21  1.43971  7.40657e+00
 22  1.88461  6.89834e+00 | 23  1.57737  2.58104e+00 | 24  0.70475  9.99885e-01
 25  0.02307 -8.12338e-01 | 26 -1.16321 -9.71306e+00 | 27 -1.16393 -5.56617e+00
 28 -0.92075  7.47947e+00 | 29 -1.69827  5.19771e-01 | 30  4.44320 -5.49851e+02
 31  0.03609 -1.01659e+01 | 32  0.37716 -9.40195e+00 | 33  0.58557 -1.05401e+01
 34  0.36584 -8.48673e+00 | 35  0.40082 -1.09618e+01 | 36  0.00167 -9.69395e+00
 37  0.01162 -9.82659e+00 | 38  1.70254 -1.05665e+01 | 39  0.36520 -9.99781e+00
 40  0.20097 -9.47206e+00 | 41 -0.15750 -1.08757e+01 | 42 -0.38349 -9.66241e+00
 43  0.13401 -1.00443e+01 | 44  0.07290 -8.44777e+00 | 45 -0.37798 -9.48949e+00
 46 -0.51215 -1.08439e+01 | 47  0.77863 -8.56986e+00 | 48  0.54130 -8.90725e+00
 49  0.07950 -8.57071e+00 | 50 -0.25216 -9.87165e+00 | 51 -0.05332 -8.41980e+00
 52 -0.23773 -9.23800e+00 | 53 -0.20141 -1.01259e+01 | 54  0.00694 -1.10260e+01
 55  0.13451 -1.35791e+01 | 56  0.79746 -1.18605e+01 | 57  0.35757 -1.34465e+01
 58  0.17020 -1.42751e+01 | 59  0.44320 -1.60312e+01 | 60  1.42423 -1.20087e+01
 61  0.64503 -1.27738e+01 | 62  0.70638 -1.10868e+01 | 63  0.34772 -1.69431e+01
 64  0.13016 -1.84170e+01 | 65 -0.10151 -1.47521e+01 | 66 -0.28044 -1.50286e+01
 67 -0.94117 -1.55707e+01 | 68 -1.01282 -1.42122e+01 | 69 -0.66385 -1.41745e+01
 70 -0.89898 -1.54380e+01 | 71  0.75339 -1.15377e+01 | 72 -0.25322 -1.27516e+01
 73 -0.46060 -1.63938e+01 | 74 -0.32568 -1.37240e+01 | 75 -0.85888 -1.34658e+01
 76  0.40612 -1.21188e+01 | 77 -0.98895 -1.34800e+01 | 78 -0.28855 -1.03310e+01
 79 -0.76596 -3.65162e+00 | 80 -0.93017 -2.72604e+00 | 81 -0.51672 -1.92572e+00
81 variables; iteration 30; function evaluation 41; phase 2
Function value   4.9333280e+02; maximum gradient component mag  -4.9633e+04
Var   Value    Gradient   |Var   Value    Gradient   |Var   Value    Gradient   
  1 -0.52717  3.42083e+02 |  2  0.38595  6.30370e+01 |  3  0.19191  6.78910e+01
  4 -0.00130  5.01479e+01 |  5 -0.00264  3.64996e+01 |  6  0.01255  7.13458e+01
  7 -0.09383  3.07741e+01 |  8 -0.17237 -1.67396e+01 |  9 -0.21812  1.38708e+01
 10 -0.29686 -1.76046e+00 | 11  0.13260  1.30813e+01 | 12-85.99783 -2.49475e+01
 13  0.04245 -4.96333e+04 | 14 -0.57193  4.28695e+01 | 15  0.07795  6.25751e+00
 16 -0.40472  3.33644e+01 | 17 -0.79732  4.68432e+00 | 18 -2.68573  4.17637e+00
 19 -0.37981 -4.83656e+01 | 20 -0.57653 -2.47477e+01 | 21  1.13446 -5.51560e+00
 22  1.89879 -5.97058e+00 | 23  1.76265 -1.60063e+00 | 24  1.02130  3.43228e+00
 25  0.30209 -1.77205e+00 | 26 -0.85286 -3.34248e+00 | 27 -0.84812 -1.79973e+00
 28 -0.86004  2.94930e+00 | 29 -1.80084 -1.14063e+00 | 30  4.32484 -3.77596e+01
 31  0.05214  1.72598e+00 | 32  0.39396  2.89285e+00 | 33  0.56048 -1.13485e+00
 34  0.41877  4.84386e+00 | 35  0.38708 -1.35461e+00 | 36  0.04395  3.13567e+00
 37  0.03566  1.68276e+00 | 38  1.66718  5.35645e-01 | 39  0.36993  2.46293e+00
 40  0.21972  2.71423e+00 | 41 -0.16208 -9.90010e-01 | 42 -0.33450  3.92535e+00
 43  0.12705 -1.03692e-01 | 44  0.08394  1.56745e+00 | 45 -0.42823 -2.94978e+00
 46 -0.59642 -5.52354e+00 | 47  0.76926  1.10242e+00 | 48  0.51409 -6.00914e-01
 49  0.08410  7.36701e-01 | 50 -0.26843 -1.52132e+00 | 51 -0.03740  9.89987e-01
 52 -0.26661 -3.94652e+00 | 53 -0.18914 -7.89210e-01 | 54  0.03429  1.63664e+00
 55  0.08980 -1.85421e+00 | 56  0.78539  6.22800e-03 | 57  0.37009 -1.08736e-01
 58  0.20487  1.93780e+00 | 59  0.47271  1.48246e+00 | 60  1.49008  5.80352e+00
 61  0.67068  1.27788e+00 | 62  0.64847 -6.07192e+00 | 63  0.27687 -5.80439e+00
 64  0.08526 -3.43201e+00 | 65 -0.14713 -5.66262e+00 | 66 -0.29498 -3.38687e+00
 67 -0.90966 -2.79190e-01 | 68 -1.00938 -4.00211e+00 | 69 -0.54881  5.66757e+00
 70 -0.82396  2.72550e-01 | 71  0.83588  4.55698e+00 | 72 -0.23431 -2.04040e+00
 73 -0.44554 -2.08592e+00 | 74 -0.35400 -6.78905e+00 | 75 -0.81720  8.18678e-01
 76  0.38976 -1.47493e+00 | 77 -0.97476 -1.21121e+00 | 78 -0.29655 -3.15749e+00
 79 -0.76711 -4.42732e-01 | 80 -0.79371  2.12297e-01 | 81 -0.44747 -4.37639e-01
81 variables; iteration 40; function evaluation 52; phase 2
Function value   4.6733258e+02; maximum gradient component mag  -2.0804e+04
Var   Value    Gradient   |Var   Value    Gradient   |Var   Value    Gradient   
  1 -0.79769  4.45585e+02 |  2  0.45628  1.26944e+02 |  3  0.30744  1.17599e+02
  4  0.17810  7.27339e+01 |  5  0.24532  6.10281e+01 |  6  0.23901  5.49514e+01
  7  0.13871  1.85777e+01 |  8  0.06684 -6.51497e-01 |  9 -0.02461  6.70790e+00
 10 -0.13127  1.22337e+00 | 11  0.17103 -8.99600e-01 | 12-85.79797 -1.05460e+01
 13  0.04235 -2.08041e+04 | 14 -0.64153 -2.58789e+01 | 15 -0.34182 -2.89526e+00
 16 -0.51830 -2.50143e+01 | 17 -0.87345 -1.89083e+01 | 18 -2.47976  4.98430e+00
 19 -0.24619  1.83149e+01 | 20 -0.52220 -7.69147e+00 | 21  1.40809  2.40083e+00
 22  1.44312 -2.84698e-01 | 23  1.37737  7.62265e-01 | 24  0.71950  8.68041e+00
 25 -0.02727 -1.90535e+00 | 26 -1.04176  4.56839e+00 | 27 -1.13077 -2.90530e-01
 28 -1.28994  1.96356e+00 | 29 -1.42753  3.77426e+00 | 30  4.00802 -1.06722e+02
 31 -0.04083 -3.80808e+00 | 32  0.32037 -1.89926e+00 | 33  0.49532 -5.05735e+00
 34  0.31397 -3.88551e+00 | 35  0.32740 -5.26356e+00 | 36 -0.05306 -4.85157e+00
 37 -0.02950 -4.00851e+00 | 38  1.62377 -2.42166e+00 | 39  0.28296 -2.61225e+00
 40  0.13101 -2.35073e+00 | 41 -0.24578 -6.32228e+00 | 42 -0.42694 -2.58597e+00
 43  0.09831 -1.74966e+00 | 44  0.05914 -1.10754e+00 | 45 -0.40160 -4.80224e-01
 46 -0.56561 -1.44590e+00 | 47  0.75119 -2.17188e+00 | 48  0.49962 -2.65225e+00
 49  0.06315 -2.77162e+00 | 50 -0.28469 -4.33726e+00 | 51 -0.06778 -3.40301e+00
 52 -0.26698 -5.22747e+00 | 53 -0.21413 -5.04873e+00 | 54  0.01428 -4.65881e+00
 55  0.14495  1.03520e+00 | 56  0.79232 -4.67426e+00 | 57  0.37375 -4.23347e+00
 58  0.17479 -5.18429e+00 | 59  0.46006 -3.31500e+00 | 60  1.41963 -8.61429e+00
 61  0.65721 -4.80978e+00 | 62  0.70506 -3.80710e+00 | 63  0.36078 -1.62959e+00
 64  0.15541 -3.22691e-01 | 65 -0.07404 -2.61845e+00 | 66 -0.24857 -3.88760e+00
 67 -0.88662 -4.50234e+00 | 68 -0.98846 -6.95152e+00 | 69 -0.58977 -7.94245e+00
 70 -0.79219 -4.99491e+00 | 71  0.80893 -6.68922e+00 | 72 -0.21357 -4.89237e+00
 73 -0.40117 -3.34949e+00 | 74 -0.31930 -5.56159e+00 | 75 -0.82827 -5.01953e+00
 76  0.38512 -3.40088e+00 | 77 -0.85481  4.53214e+00 | 78 -0.02519  8.13912e+00
 79 -0.60067  1.41849e+00 | 80 -0.93883 -3.84720e+00 | 81 -0.39540 -6.75827e-01
81 variables; iteration 50; function evaluation 64; phase 2
Function value   4.5549834e+02; maximum gradient component mag  -3.6046e+04
Var   Value    Gradient   |Var   Value    Gradient   |Var   Value    Gradient   
  1 -0.94212  3.90857e+02 |  2  0.49696  1.23007e+02 |  3  0.35850  1.02751e+02
  4  0.31118  6.99751e+01 |  5  0.38395  5.98181e+01 |  6  0.35750  2.81371e+01
  7  0.26088  1.39106e+01 |  8  0.18399  7.57742e+00 |  9  0.04491 -4.88314e+00
 10 -0.07076 -1.66312e+00 | 11  0.15258  9.89881e+00 | 12-85.55274 -1.81691e+01
 13  0.04221 -3.60462e+04 | 14 -0.72459 -2.12563e+01 | 15 -0.42594 -5.72087e+00
 16 -0.46329 -1.58888e+01 | 17 -0.87667 -9.19707e-01 | 18 -2.53079 -3.35770e+00
 19 -0.21668  1.76555e+01 | 20 -0.47749  1.16295e+01 | 21  1.50373 -1.94655e-01
 22  1.30500  6.25764e-01 | 23  1.25044 -2.48504e+00 | 24  0.54933  8.72417e-01
 25 -0.10883 -1.43104e+00 | 26 -1.11227  5.10931e+00 | 27 -1.13517  1.42250e+00
 28 -1.34539  9.71970e-01 | 29 -1.97583  4.79705e-01 | 30  3.88603 -1.20338e+02
 31 -0.01998 -1.09071e+00 | 32  0.32532 -5.13838e-01 | 33  0.51492 -1.17965e+00
 34  0.33709 -1.31081e+00 | 35  0.36106 -2.99030e-01 | 36 -0.01597 -9.81528e-01
 37 -0.00503 -1.07069e+00 | 38  1.61147 -5.18140e-01 | 39  0.27563 -2.46383e+00
 40  0.13270 -1.14026e+00 | 41 -0.20722 -1.15792e+00 | 42 -0.40667 -7.32682e-01
 43  0.07909 -2.36802e+00 | 44  0.02045 -4.14405e+00 | 45 -0.45341 -3.39520e+00
 46 -0.61408 -3.34409e+00 | 47  0.72452 -3.34122e+00 | 48  0.47429 -3.40891e+00
 49  0.05253 -2.65984e+00 | 50 -0.28061 -2.76768e+00 | 51 -0.06724 -2.92623e+00
 52 -0.25016 -1.39497e+00 | 53 -0.21597 -4.26577e+00 | 54  0.02459 -3.49356e+00
 55  0.10850 -2.11908e+00 | 56  0.79611 -1.93284e+00 | 57  0.38641 -1.12058e+00
 58  0.19410 -1.66333e+00 | 59  0.43022 -6.65547e+00 | 60  1.39868 -1.00111e+01
 61  0.65750 -3.77162e+00 | 62  0.69107 -2.63857e+00 | 63  0.29619 -5.87596e+00
 64  0.12330 -1.61236e+00 | 65 -0.08427 -1.94830e+00 | 66 -0.22864 -2.99931e-02
 67 -0.88108 -3.97985e+00 | 68 -0.98226 -6.06978e+00 | 69 -0.58224 -9.77690e+00
 70 -0.78395 -6.98842e+00 | 71  0.89780  1.87709e+00 | 72 -0.18347 -2.25372e+00
 73 -0.38721 -1.61122e+00 | 74 -0.33477 -7.27027e+00 | 75 -0.81337 -3.68973e+00
 76  0.37588 -3.44621e+00 | 77 -0.91370 -8.94445e-01 | 78 -0.19198 -1.65120e+00
 79 -0.64234 -3.28232e-01 | 80 -0.51137  2.68941e+00 | 81 -0.35162  1.56760e-01
81 variables; iteration 60; function evaluation 80; phase 2
Function value   4.4030137e+02; maximum gradient component mag  -1.7191e+04
Var   Value    Gradient   |Var   Value    Gradient   |Var   Value    Gradient   
  1 -1.08614  2.55640e+02 |  2  0.34303  9.85094e+01 |  3  0.29328  5.56151e+01
  4  0.44620  5.36609e+01 |  5  0.50448  4.47464e+01 |  6  0.44840  1.32349e+01
  7  0.31669 -1.90029e-01 |  8  0.19340 -1.90312e-01 |  9 -0.02044 -1.50199e+01
 10 -0.20373 -7.09817e+00 | 11  0.14769 -4.08885e+00 | 12-84.33871 -8.70459e+00
 13  0.04156 -1.71915e+04 | 14 -0.70062  4.71673e+00 | 15 -0.20282  1.22982e+00
 16 -0.53986  7.37893e+00 | 17 -0.90231 -3.13674e+00 | 18 -2.28111 -5.03394e+00
 19 -0.18925 -4.11320e+00 | 20 -0.48357  1.52688e+01 | 21  1.53513 -1.47487e+00
 22  1.19769 -1.83405e-01 | 23  1.28691  1.50899e+00 | 24  0.49717 -5.04967e+00
 25 -0.03882  1.74047e+00 | 26 -1.14714 -1.79681e+00 | 27 -1.03895  4.46461e-01
 28 -1.19020  5.36697e-02 | 29 -2.10900 -2.17347e+00 | 30  3.63020 -1.31485e+02
 31 -0.01457 -1.37291e+00 | 32  0.29474 -4.22195e+00 | 33  0.51383 -7.98163e-01
 34  0.34604 -1.10900e+00 | 35  0.35733 -1.67091e+00 | 36  0.00135 -8.31451e-01
 37  0.00541 -2.02939e+00 | 38  1.59476 -2.22254e+00 | 39  0.29855 -8.71338e-01
 40  0.11729 -2.94475e+00 | 41 -0.18993  4.72247e-01 | 42 -0.40733 -3.35867e+00
 43  0.07164 -3.22788e+00 | 44  0.03715 -2.10602e+00 | 45 -0.47394 -4.26496e+00
 46 -0.62583 -3.24598e+00 | 47  0.73224 -1.74273e+00 | 48  0.48162 -1.63333e+00
 49  0.05045 -2.40197e+00 | 50 -0.25446 -3.84091e-01 | 51 -0.03849 -1.00353e+00
 52 -0.23681  2.58109e-01 | 53 -0.20956 -4.19443e+00 | 54  0.05120 -2.32314e+00
 55  0.07254 -4.27381e+00 | 56  0.78211 -2.88207e-01 | 57  0.51949  1.76381e+01
 58  0.14882 -6.24967e+00 | 59  0.47634  2.55388e-01 | 60  1.50248  6.27005e+00
 61  0.65606 -2.91365e+00 | 62  0.63351 -6.80224e+00 | 63  0.25111 -5.75817e+00
 64  0.05127 -5.90566e+00 | 65 -0.12872 -4.28873e+00 | 66 -0.28354 -3.63232e+00
 67 -0.89015 -3.09296e+00 | 68 -0.98911 -5.37978e+00 | 69 -0.53978 -5.86460e+00
 70 -0.70996  1.83849e-01 | 71  0.85443 -3.27558e+00 | 72 -0.14926  1.55832e+00
 73 -0.43367 -5.29276e+00 | 74 -0.22278  6.91684e+00 | 75 -0.78843 -2.11654e+00
 76  0.37333 -4.00619e+00 | 77 -0.94422 -3.39981e+00 | 78 -0.05310  6.02817e+00
 79 -0.93054 -9.77755e+00 | 80 -0.60547  9.80482e-01 | 81 -0.15571  1.55450e+00
81 variables; iteration 70; function evaluation 94; phase 2
Function value   4.1927095e+02; maximum gradient component mag  -1.4228e+04
Var   Value    Gradient   |Var   Value    Gradient   |Var   Value    Gradient   
  1 -1.33084  1.21752e+02 |  2  0.11875  5.63490e+01 |  3  0.48312  2.16113e+01
  4  0.68412  3.79409e+01 |  5  0.70146  2.75053e+01 |  6  0.61846  9.46528e+00
  7  0.43616  3.76854e+00 |  8  0.24783  3.08314e+00 |  9 -0.02621 -4.26606e+00
 10 -0.29089 -1.61803e+00 | 11  0.15644 -1.56860e+00 | 12-82.05216 -7.23677e+00
 13  0.04034 -1.42276e+04 | 14 -0.48224  7.30780e+00 | 15 -0.24468  5.37598e-01
 16 -0.87046  6.41324e+00 | 17 -0.93186  7.12631e+00 | 18 -1.93357 -1.32241e+00
 19 -0.12339 -1.06168e+01 | 20 -0.51166  5.66060e+00 | 21  1.74222 -3.02721e+00
 22  1.00880  3.97171e+00 | 23  1.04787 -1.68028e+00 | 24  0.36968  6.66212e-01
 25 -0.18626  1.81456e+00 | 26 -1.25772 -1.92872e+00 | 27 -1.10226  6.45364e-01
 28 -1.22507  3.75211e-01 | 29 -1.88949 -4.31752e-01 | 30  3.47530 -7.88477e+01
 31 -0.02863  4.49263e-01 | 32  0.29119 -2.22110e+00 | 33  0.49352  1.11169e+00
 34  0.31411 -2.00581e+00 | 35  0.33656 -1.47799e+00 | 36 -0.01213 -4.23113e-01
 37  0.00923 -1.22910e+00 | 38  1.45053 -1.12695e+01 | 39  0.29941  2.09126e+00
 40  0.09369 -2.33232e+00 | 41 -0.23337  3.91818e-01 | 42 -0.38684 -7.20927e-01
 43  0.06156 -1.49611e+00 | 44  0.02451 -1.34570e+00 | 45 -0.47330 -2.11810e+00
 46 -0.61648  5.77285e-01 | 47  0.70975 -1.48042e+00 | 48  0.49279  2.03389e+00
 49  0.05062 -9.04607e-01 | 50 -0.26696 -5.85505e-01 | 51 -0.04978 -2.82266e+00
 52 -0.24834 -6.71928e-01 | 53 -0.24891 -7.59468e+00 | 54  0.13154  4.32683e+00
 55  0.06463 -2.85792e+00 | 56  0.74231 -3.17615e+00 | 57  0.40443  5.33138e+00
 58  0.11077 -1.02973e+01 | 59  0.57343  1.14026e+01 | 60  1.42150 -2.78826e+00
 61  0.64926 -4.13751e+00 | 62  0.63161 -7.08831e+00 | 63  0.28042  1.10349e+00
 64  0.06498 -6.68773e-01 | 65 -0.10279 -2.35833e-01 | 66 -0.31677 -5.82198e+00
 67 -0.92902 -7.64527e+00 | 68 -0.88147  7.82583e+00 | 69 -0.46396  3.26704e-01
 70 -0.77670 -1.06753e+01 | 71  0.95704  8.18851e+00 | 72 -0.13658  1.31974e+00
 73 -0.47694 -8.98121e+00 | 74 -0.26954  8.20024e-01 | 75 -0.70669  4.73203e+00
 76  0.43269  1.09671e+00 | 77 -0.89842 -2.92262e-01 | 78 -0.14348  2.96051e-02
 79 -0.63430 -2.06833e+00 | 80 -0.56365  1.34487e-01 | 81 -0.48351 -2.13911e+00
81 variables; iteration 80; function evaluation 108; phase 2
Function value   4.0346008e+02; maximum gradient component mag  -7.8749e+03
Var   Value    Gradient   |Var   Value    Gradient   |Var   Value    Gradient   
  1 -1.43039  7.56256e+01 |  2 -0.16774  2.61253e+01 |  3  0.64244  2.26046e+01
  4  0.75713  2.51248e+01 |  5  0.76547  1.83103e+01 |  6  0.66611  9.04737e+00
  7  0.44377 -3.45768e+00 |  8  0.21175 -7.56927e+00 |  9 -0.08379 -2.04726e+00
 10 -0.39217 -1.70633e+00 | 11  0.17927  3.24967e+00 | 12-79.61256 -4.08176e+00
 13  0.03906 -7.87487e+03 | 14 -0.48512  2.54483e+00 | 15 -0.18055 -4.27303e-01
 16 -0.91951  1.92479e+00 | 17 -0.97916 -8.22363e+00 | 18 -1.74275 -3.53308e-01
 19 -0.05339  6.47798e-01 | 20 -0.54337 -8.60887e+00 | 21  1.83102 -4.32369e-01
 22  0.88909  9.55453e-01 | 23  0.96723  1.54676e-02 | 24  0.31426  2.34844e+00
 25 -0.24483  7.51114e-01 | 26 -1.21616  7.35006e-01 | 27 -1.07944  5.55702e-01
 28 -1.15447  5.82719e-01 | 29 -1.45820  1.21849e+00 | 30  3.44321 -5.99855e+01
 31 -0.10732 -1.99766e+00 | 32  0.27326 -6.48962e-01 | 33  0.41251 -1.74881e+00
 34  0.28121 -1.94617e+00 | 35  0.28970 -2.25680e+00 | 36 -0.06169 -1.69277e+00
 37 -0.00309 -3.13595e-01 | 38  1.52808  9.20622e-01 | 39  0.21503 -1.12010e+00
 40  0.04467 -2.88490e+00 | 41 -0.33879 -3.53278e+00 | 42 -0.39363  1.51080e+00
 43  0.03260 -6.85269e-01 | 44  0.01066 -4.10362e-01 | 45 -0.47754 -5.99940e-01
 46 -0.66665 -9.08899e-01 | 47  0.66311 -3.42341e+00 | 48  0.45003  8.74185e-01
 49  0.03182 -1.17108e+00 | 50 -0.28662 -6.45564e-01 | 51 -0.01945  6.69389e-02
 52 -0.27450 -2.41056e+00 | 53 -0.18672  6.78744e-02 | 54  0.06332 -2.95038e+00
 55  0.06707 -1.00816e+00 | 56  0.73743 -2.88528e+00 | 57  0.28774 -6.40827e+00
 58  0.19141 -2.20793e-02 | 59  0.43860 -4.05914e+00 | 60  1.40240 -3.56165e+00
 61  0.68150 -2.17677e-01 | 62  0.69958  1.16748e-03 | 63  0.26860  6.23151e-01
 64  0.03578 -2.75468e+00 | 65 -0.10206 -7.31115e-01 | 66 -0.27068 -3.39177e-01
 67 -0.83658  1.73107e+00 | 68 -0.97334 -2.72487e+00 | 69 -0.44559  2.01502e-01
 70 -0.66806 -1.43757e+00 | 71  0.85743 -2.38493e+00 | 72 -0.16607 -3.28530e+00
 73 -0.40663 -1.21920e+00 | 74 -0.30141 -2.99603e+00 | 75 -0.73886 -2.25768e-01
 76  0.40756 -1.70711e+00 | 77 -0.89217 -6.13933e-01 | 78 -0.17444 -2.58782e+00
 79 -0.47672  2.28684e+00 | 80 -0.51476 -5.98919e-01 | 81 -0.14959  1.70851e-01
81 variables; iteration 90; function evaluation 123; phase 2
Function value   4.0110387e+02; maximum gradient component mag   3.8589e+02
Var   Value    Gradient   |Var   Value    Gradient   |Var   Value    Gradient   
  1 -1.46423  3.61484e+00 |  2 -0.27953  3.66811e+00 |  3  0.70608  4.75802e+00
  4  0.78763  2.93358e+00 |  5  0.79312  2.37581e+00 |  6  0.68856  2.35994e+00
  7  0.46563  1.53101e+00 |  8  0.23093  1.05546e+00 |  9 -0.07439  2.19736e+00
 10 -0.38138  2.36988e+00 | 11  0.17543  2.74595e+00 | 12-77.75031  7.23349e-02
 13  0.03812  3.85891e+02 | 14 -0.53616 -7.24047e-01 | 15 -0.14413 -1.07510e-01
 16 -0.87571 -4.47823e-01 | 17 -0.97410  4.91422e-01 | 18 -1.72876 -1.88240e-01
 19 -0.03689  2.80801e+00 | 20 -0.52373  1.10159e-01 | 21  1.85084 -8.80472e-01
 22  0.86730  4.89139e-01 | 23  0.95686  1.48302e+00 | 24  0.27256  8.83721e-01
 25 -0.26116  1.02223e+00 | 26 -1.22274  1.31255e+00 | 27 -1.07268  1.19765e+00
 28 -1.12933  1.17142e+00 | 29 -1.51887  1.15739e+00 | 30  3.44654 -3.46663e-01
 31 -0.10721  1.88766e-01 | 32  0.26303  6.29343e-02 | 33  0.39073 -1.61956e+00
 34  0.27856 -6.56530e-01 | 35  0.29018 -3.04044e-01 | 36 -0.06143  5.64222e-02
 37 -0.01445  1.16745e-01 | 38  1.49308 -1.56491e-01 | 39  0.20590  5.30336e-02
 40  0.05999  2.82773e-01 | 41 -0.31841  7.61952e-01 | 42 -0.42085  3.91752e-01
 43  0.01421 -4.88955e-01 | 44 -0.01081 -8.32056e-01 | 45 -0.48992 -1.09260e-01
 46 -0.68255 -3.04332e-01 | 47  0.69024  7.69165e-01 | 48  0.41539 -6.18818e-01
 49  0.02505 -4.00698e-01 | 50 -0.29576  4.65353e-02 | 51 -0.03679 -6.39286e-01
 52 -0.26354  1.77616e-02 | 53 -0.19626  6.29068e-01 | 54  0.07627 -4.51941e-01
 55  0.06372  4.17302e-02 | 56  0.75256  2.72155e-01 | 57  0.32871 -2.31097e-01
 58  0.17857  8.98509e-02 | 59  0.46599  3.38723e-01 | 60  1.42452  8.01714e-01
 61  0.66824 -2.00869e-01 | 62  0.68243 -4.81400e-01 | 63  0.24061 -8.52728e-01
 64  0.04238 -1.12861e-01 | 65 -0.10799 -8.59905e-02 | 66 -0.28181 -3.07178e-01
 67 -0.87008 -1.65697e+00 | 68 -0.95575  4.57210e-01 | 69 -0.45753 -1.06728e+00
 70 -0.65177  3.37865e-01 | 71  0.85623 -1.47267e+00 | 72 -0.13404  1.21595e+00
 73 -0.38052  2.63713e+00 | 74 -0.29309 -8.19818e-01 | 75 -0.73941  4.61003e-01
 76  0.41199 -1.72128e-01 | 77 -0.89010 -4.32210e-03 | 78 -0.13227  3.06183e-01
 79 -0.53981 -1.66758e-01 | 80 -0.48018 -1.15283e-02 | 81 -0.13339  3.02602e-01
81 variables; iteration 100; function evaluation 139; phase 2
Function value   4.0050072e+02; maximum gradient component mag   3.3805e+03
Var   Value    Gradient   |Var   Value    Gradient   |Var   Value    Gradient   
  1 -1.44056 -2.09074e+01 |  2 -0.33669 -3.25698e+00 |  3  0.67272 -6.87621e+00
  4  0.77143 -4.70109e+00 |  5  0.77988 -3.11578e+00 |  6  0.67857 -2.65591e+00
  7  0.46352 -5.34234e-01 |  8  0.23974  1.68167e+00 |  9 -0.05803  1.42038e+00
 10 -0.35629  1.26118e+00 | 11  0.16942 -1.42047e+00 | 12-73.15800  1.59839e+00
 13  0.03583  3.38049e+03 | 14 -0.51692  1.33785e+00 | 15 -0.16839  1.24030e-01
 16 -0.87896  1.04760e+00 | 17 -0.97406  4.48354e-01 | 18 -1.73852 -3.02152e-02
 19 -0.04527  7.71758e-01 | 20 -0.53049 -1.17160e+00 | 21  1.82070  1.06116e+00
 22  0.90773  7.64929e-01 | 23  0.98475  4.10709e-01 | 24  0.30540  6.23871e-01
 25 -0.23881  4.08205e-01 | 26 -1.22001  2.84302e-02 | 27 -1.07589  1.88651e-01
 28 -1.14945  1.38650e-01 | 29 -1.56005  1.74456e-01 | 30  3.43613  1.09294e+01
 31 -0.10592 -5.27005e-02 | 32  0.27513  1.01592e+00 | 33  0.40491 -4.87200e-01
 34  0.29554  7.57495e-01 | 35  0.30428  8.24428e-01 | 36 -0.05649  2.85443e-01
 37 -0.00458  9.55244e-01 | 38  1.50143  2.71294e-01 | 39  0.21375  4.36056e-01
 40  0.06224  1.57458e-01 | 41 -0.31422  6.86907e-01 | 42 -0.41536  5.41838e-01
 43  0.02385  2.43543e-01 | 44  0.00973  1.14185e+00 | 45 -0.48928  1.09767e-01
 46 -0.67817  1.65666e-01 | 47  0.68398  2.22856e-01 | 48  0.42286  1.36151e-01
 49  0.02809  4.41151e-02 | 50 -0.29626  1.28139e-01 | 51 -0.03284 -5.68100e-02
 52 -0.26685  1.87373e-02 | 53 -0.20250  2.71630e-01 | 54  0.07944  3.98889e-01
 55  0.05774  9.91197e-02 | 56  0.73890 -2.39670e-01 | 57  0.31926 -4.13188e-01
 58  0.17225  1.49315e-01 | 59  0.45761  2.86589e-01 | 60  1.40905 -4.12451e-02
 61  0.66292  2.72546e-02 | 62  0.67927  2.56471e-01 | 63  0.23401 -3.91919e-01
 64  0.02436 -1.13938e+00 | 65 -0.11689 -3.93329e-02 | 66 -0.28728  6.63522e-02
 67 -0.86812 -4.45384e-01 | 68 -0.96567 -8.75546e-02 | 69 -0.45041  4.19016e-01
 70 -0.65821  2.84976e-01 | 71  0.86907  1.80288e-01 | 72 -0.14292  4.46581e-01
 73 -0.40460  3.17454e-01 | 74 -0.28966 -2.69230e-01 | 75 -0.74104  3.69602e-01
 76  0.41494  8.08375e-02 | 77 -0.89405 -2.91246e-01 | 78 -0.14177 -3.60250e-01
 79 -0.53192  2.86944e-02 | 80 -0.46603  1.74757e-01 | 81 -0.17324 -3.52007e-01
81 variables; iteration 110; function evaluation 153; phase 2
Function value   3.9955658e+02; maximum gradient component mag  -5.8684e+02
Var   Value    Gradient   |Var   Value    Gradient   |Var   Value    Gradient   
  1 -1.32981  2.15599e+00 |  2 -0.42425 -6.16909e-01 |  3  0.58126 -2.58944e-01
  4  0.68096 -6.44383e-02 |  5  0.70504  2.56560e-01 |  6  0.63030  8.41068e-01
  7  0.44844  8.09808e-01 |  8  0.26342  3.70759e-01 |  9  0.00883  1.12058e-01
 10 -0.24943 -6.87248e-02 | 11  0.18353  3.49254e-01 | 12-58.12811 -3.10312e-01
 13  0.02835 -5.86842e+02 | 14 -0.51953 -6.75002e-02 | 15 -0.23552  1.04931e-02
 16 -0.80791 -6.05415e-02 | 17 -0.97615 -4.50710e-01 | 18 -1.73051  5.52415e-02
 19 -0.03436 -2.18125e-01 | 20 -0.52853  1.89291e-01 | 21  1.71304 -1.59369e-01
 22  0.98803 -5.60161e-02 | 23  1.06301 -3.80325e-02 | 24  0.37171 -5.29501e-02
 25 -0.18694 -7.03558e-02 | 26 -1.18904 -1.96159e-02 | 27 -1.08309 -3.43029e-02
 28 -1.19235 -2.36911e-02 | 29 -1.64620 -1.90397e-02 | 30  3.43324  5.07188e-01
 31 -0.11989  5.21192e-02 | 32  0.25182  1.09871e-02 | 33  0.39623  4.15028e-02
 34  0.27443  5.25961e-02 | 35  0.28174  4.17880e-02 | 36 -0.07378 -1.28652e-02
 37 -0.02626  1.75076e-02 | 38  1.48434  7.48006e-03 | 39  0.19320 -2.66583e-02
 40  0.04637  4.02637e-02 | 41 -0.33667  2.22618e-02 | 42 -0.43184  5.55052e-03
 43  0.01541  4.52988e-02 | 44 -0.00439  4.62281e-02 | 45 -0.49222  1.71306e-02
 46 -0.68500 -3.49003e-02 | 47  0.67695 -6.33379e-02 | 48  0.41721  4.27399e-02
 49  0.02427  5.32081e-02 | 50 -0.30240  2.85132e-02 | 51 -0.03470  5.45628e-02
 52 -0.27147  4.11346e-02 | 53 -0.21206  1.54560e-02 | 54  0.07132  1.95424e-02
 55  0.05172 -1.11424e-02 | 56  0.73713  2.58438e-03 | 57  0.31651  5.63198e-02
 58  0.16319  2.30641e-02 | 59  0.45009 -1.19785e-02 | 60  1.40846 -4.25778e-02
 61  0.66558  1.44077e-02 | 62  0.68506 -3.94527e-02 | 63  0.24629 -4.29837e-03
 64  0.04108  2.12585e-02 | 65 -0.11033 -4.53650e-02 | 66 -0.28329 -7.15197e-03
 67 -0.85960  8.33138e-02 | 68 -0.96419  6.39074e-03 | 69 -0.45018  6.83951e-02
 70 -0.65385  1.31480e-02 | 71  0.87286  7.37249e-02 | 72 -0.13745 -1.17025e-02
 73 -0.39557 -6.59435e-02 | 74 -0.27635  8.48005e-02 | 75 -0.73214 -3.96668e-03
 76  0.42518  1.85375e-02 | 77 -0.87647  3.11427e-02 | 78 -0.11923  2.16519e-02
 79 -0.50797  1.49101e-02 | 80 -0.43920 -2.71768e-02 | 81 -0.09996  1.71140e-02
81 variables; iteration 120; function evaluation 164; phase 2
Function value   3.9948055e+02; maximum gradient component mag   1.6851e+02
Var   Value    Gradient   |Var   Value    Gradient   |Var   Value    Gradient   
  1 -1.37893  6.42440e-01 |  2 -0.37430  1.03437e-01 |  3  0.62399  2.45735e-01
  4  0.71991  2.45834e-01 |  5  0.73733  2.10011e-01 |  6  0.65137  6.66353e-02
  7  0.45448  2.77782e-02 |  8  0.25101  2.10201e-02 |  9 -0.02404 -4.99124e-02
 10 -0.30198 -2.12800e-02 | 11  0.18078 -1.02610e+00 | 12-55.08833  8.48734e-02
 13  0.02680  1.68509e+02 | 14 -0.52186 -3.50713e-02 | 15 -0.19890  1.35875e-02
 16 -0.83523 -2.77946e-02 | 17 -0.97592 -1.61594e-01 | 18 -1.72532  1.82005e-02
 19 -0.03565 -5.28836e-02 | 20 -0.52934 -1.55962e-02 | 21  1.76101 -4.60890e-02
 22  0.94726  4.91233e-04 | 23  1.02474  1.47650e-02 | 24  0.33875  9.54855e-03
 25 -0.21107  1.09936e-02 | 26 -1.20054  8.35142e-03 | 27 -1.07770  1.21002e-02
 28 -1.16826  9.28188e-03 | 29 -1.60162  1.49830e-02 | 30  3.43761 -3.75848e-01
 31 -0.11800  2.16087e-03 | 32  0.25327 -4.76901e-02 | 33  0.39812 -3.46900e-02
 34  0.27616 -3.64734e-03 | 35  0.28396 -1.52221e-02 | 36 -0.07173 -6.27056e-02
 37 -0.02558 -1.37499e-01 | 38  1.48588 -2.51784e-02 | 39  0.19505 -9.78398e-02
 40  0.04716 -8.61257e-02 | 41 -0.33469  1.41212e-02 | 42 -0.43063  3.80142e-02
 43  0.01388 -8.59853e-02 | 44 -0.00577  4.55377e-03 | 45 -0.49351 -4.97062e-02
 46 -0.68341  9.09425e-02 | 47  0.67737  2.20353e-02 | 48  0.41645 -2.47797e-02
 49  0.02367 -1.12587e-02 | 50 -0.30248 -3.70550e-02 | 51 -0.03520  5.23319e-03
 52 -0.27251 -4.61843e-03 | 53 -0.21375 -6.38945e-03 | 54  0.06794 -2.57737e-02
 55  0.04791 -5.97915e-03 | 56  0.73316  2.14857e-02 | 57  0.31193 -5.69633e-03
 58  0.15891  4.80624e-03 | 59  0.44479  4.93039e-03 | 60  1.40326  3.42412e-02
 61  0.65937  8.99347e-03 | 62  0.67910  2.41947e-02 | 63  0.24111  6.38304e-02
 64  0.03671  2.79665e-02 | 65 -0.11273  3.64232e-02 | 66 -0.28465  2.97576e-02
 67 -0.86100 -1.34609e-03 | 68 -0.96338  7.74922e-03 | 69 -0.45010 -2.31488e-02
 70 -0.65367 -3.28294e-02 | 71  0.87253 -5.21330e-02 | 72 -0.13692 -1.90802e-02
 73 -0.39386  2.72012e-02 | 74 -0.27505 -1.74622e-02 | 75 -0.72950 -1.36761e-02
 76  0.42833 -5.99214e-03 | 77 -0.87374 -1.75309e-02 | 78 -0.11550 -5.77862e-03
 79 -0.50401 -5.54320e-03 | 80 -0.43206 -2.85262e-03 | 81 -0.09331 -3.77710e-03

 - final statistics:
81 variables; iteration 130; function evaluation 174
Function value   3.9948e+02; maximum gradient component mag   2.5078e-03
Exit code = 1;  converg criter   1.0000e-02
Var   Value    Gradient   |Var   Value    Gradient   |Var   Value    Gradient   
  1 -1.38007 -9.50081e-06 |  2 -0.37350 -3.15329e-07 |  3  0.62480 -1.85319e-06
  4  0.72074 -1.70990e-06 |  5  0.73801 -9.46197e-07 |  6  0.65183 -1.34291e-06
  7  0.45450 -3.18138e-06 |  8  0.25053 -2.45423e-06 |  9 -0.02492  1.93187e-06
 10 -0.30332  2.03103e-06 | 11  0.18184  1.50385e-06 | 12-55.11248  1.25483e-06
 13  0.02681  2.50780e-03 | 14 -0.52120  1.36985e-06 | 15 -0.19869  3.18580e-08
 16 -0.83660  1.13682e-06 | 17 -0.97576 -2.80067e-06 | 18 -1.72458 -2.80988e-07
 19 -0.03594  6.98121e-07 | 20 -0.52932  9.51774e-07 | 21  1.76223 -2.84315e-07
 22  0.94619  4.23952e-07 | 23  1.02370  4.51617e-07 | 24  0.33802  1.20682e-07
 25 -0.21147  1.95381e-07 | 26 -1.20036  1.57815e-07 | 27 -1.07720 -1.87931e-09
 28 -1.16695  1.09338e-07 | 29 -1.60057  2.01062e-07 | 30  3.43767  4.44722e-06
 31 -0.11820 -5.66650e-07 | 32  0.25370  4.21337e-07 | 33  0.39826 -4.50686e-08
 34  0.27588 -2.28812e-07 | 35  0.28383 -1.68063e-07 | 36 -0.07138  3.83768e-07
 37 -0.02430  3.87588e-07 | 38  1.48596 -1.15942e-07 | 39  0.19582  4.26885e-07
 40  0.04773 -2.53070e-07 | 41 -0.33531 -2.12573e-07 | 42 -0.43133 -2.26013e-07
 43  0.01470  1.95967e-07 | 44 -0.00581 -3.11511e-07 | 45 -0.49287 -5.26812e-08
 46 -0.68434 -7.48961e-07 | 47  0.67704  5.24474e-07 | 48  0.41664 -2.67788e-07
 49  0.02369 -2.09616e-07 | 50 -0.30228  5.00396e-07 | 51 -0.03551 -5.85728e-07
 52 -0.27277  2.09380e-07 | 53 -0.21396  2.40774e-07 | 54  0.06812  5.50872e-09
 55  0.04808  3.95128e-09 | 56  0.73299 -9.10713e-08 | 57  0.31187  5.17838e-08
 58  0.15868  1.02683e-07 | 59  0.44467  6.19810e-07 | 60  1.40296 -2.01485e-07
 61  0.65953  1.00922e-07 | 62  0.67941 -4.86230e-07 | 63  0.24108 -6.73932e-10
 64  0.03690 -1.13441e-06 | 65 -0.11268  2.92194e-07 | 66 -0.28476 -1.52108e-08
 67 -0.86108 -2.55574e-07 | 68 -0.96379  7.39326e-08 | 69 -0.45044  1.06210e-07
 70 -0.65387 -3.02245e-07 | 71  0.87267 -3.28751e-07 | 72 -0.13687  5.18687e-07
 73 -0.39427  9.41913e-07 | 74 -0.27506  9.95969e-09 | 75 -0.72950 -2.06407e-07
 76  0.42838  7.71319e-08 | 77 -0.87366 -2.66448e-07 | 78 -0.11556 -1.69091e-07
 79 -0.50400 -3.32998e-07 | 80 -0.43199 -2.13585e-08 | 81 -0.09310 -9.22819e-08
Estimating row 1 out of 81 for hessian
Estimating row 2 out of 81 for hessian
Estimating row 3 out of 81 for hessian
Estimating row 4 out of 81 for hessian
Estimating row 5 out of 81 for hessian
Estimating row 6 out of 81 for hessian
Estimating row 7 out of 81 for hessian
Estimating row 8 out of 81 for hessian
Estimating row 9 out of 81 for hessian
Estimating row 10 out of 81 for hessian
Estimating row 11 out of 81 for hessian
Estimating row 12 out of 81 for hessian
Estimating row 13 out of 81 for hessian
Estimating row 14 out of 81 for hessian
Estimating row 15 out of 81 for hessian
Estimating row 16 out of 81 for hessian
Estimating row 17 out of 81 for hessian
Estimating row 18 out of 81 for hessian
Estimating row 19 out of 81 for hessian
Estimating row 20 out of 81 for hessian
Estimating row 21 out of 81 for hessian
Estimating row 22 out of 81 for hessian
Estimating row 23 out of 81 for hessian
Estimating row 24 out of 81 for hessian
Estimating row 25 out of 81 for hessian
Estimating row 26 out of 81 for hessian
Estimating row 27 out of 81 for hessian
Estimating row 28 out of 81 for hessian
Estimating row 29 out of 81 for hessian
Estimating row 30 out of 81 for hessian
Estimating row 31 out of 81 for hessian
Estimating row 32 out of 81 for hessian
Estimating row 33 out of 81 for hessian
Estimating row 34 out of 81 for hessian
Estimating row 35 out of 81 for hessian
Estimating row 36 out of 81 for hessian
Estimating row 37 out of 81 for hessian
Estimating row 38 out of 81 for hessian
Estimating row 39 out of 81 for hessian
Estimating row 40 out of 81 for hessian
Estimating row 41 out of 81 for hessian
Estimating row 42 out of 81 for hessian
Estimating row 43 out of 81 for hessian
Estimating row 44 out of 81 for hessian
Estimating row 45 out of 81 for hessian
Estimating row 46 out of 81 for hessian
Estimating row 47 out of 81 for hessian
Estimating row 48 out of 81 for hessian
Estimating row 49 out of 81 for hessian
Estimating row 50 out of 81 for hessian
Estimating row 51 out of 81 for hessian
Estimating row 52 out of 81 for hessian
Estimating row 53 out of 81 for hessian
Estimating row 54 out of 81 for hessian
Estimating row 55 out of 81 for hessian
Estimating row 56 out of 81 for hessian
Estimating row 57 out of 81 for hessian
Estimating row 58 out of 81 for hessian
Estimating row 59 out of 81 for hessian
Estimating row 60 out of 81 for hessian
Estimating row 61 out of 81 for hessian
Estimating row 62 out of 81 for hessian
Estimating row 63 out of 81 for hessian
Estimating row 64 out of 81 for hessian
Estimating row 65 out of 81 for hessian
Estimating row 66 out of 81 for hessian
Estimating row 67 out of 81 for hessian
Estimating row 68 out of 81 for hessian
Estimating row 69 out of 81 for hessian
Estimating row 70 out of 81 for hessian
Estimating row 71 out of 81 for hessian
Estimating row 72 out of 81 for hessian
Estimating row 73 out of 81 for hessian
Estimating row 74 out of 81 for hessian
Estimating row 75 out of 81 for hessian
Estimating row 76 out of 81 for hessian
Estimating row 77 out of 81 for hessian
Estimating row 78 out of 81 for hessian
Estimating row 79 out of 81 for hessian
Estimating row 80 out of 81 for hessian
Estimating row 81 out of 81 for hessian
